2    -0.968504           79
2    -0.968504           72
2    -0.968504           59
2    -0.968504           52
2    -0.968504           56
2    -0.968504           48
2    -0.968504           66
2    -0.968504           70
2    -0.968504           76
2    -0.968504           61
2    -0.968504           87
2    -0.968504           70
2    -0.968504           50
2    -0.968504           66
2    -0.968504           71
2    -0.968504           70
2    -0.968504           63
2    -0.968504           55
2    -0.968504           86
2    -0.968504           60
