0.187296    -0.602228     0.460283     0.821544     0.849416    -0.702494    -0.361041      0.80938      1.08091     0.270229           81
0.952621     0.520701    -0.343372     0.297939     0.774427    0.0672245     0.750329     0.307597     0.606742     0.151686           74
-0.68388    -0.228751  -0.00791764     -0.83249     0.110419     0.636967     0.032499   -0.0740646     -0.15982   -0.0399549           61
0.930353   -0.0350693   0.00921424   -0.0370962    -0.689041     0.267002     0.164284    -0.817294    -0.618582    -0.154646           54
-0.512348    -0.815666     -0.66451     0.189215    -0.497994     0.993026    -0.288259    -0.176004    -0.396583   -0.0991458           58
-0.837338     0.874832    -0.928942     0.259758    -0.310537    -0.645312     0.391812    -0.849846    -0.889241     -0.22231           50
0.303359    -0.220536     0.446338     0.655733    -0.947039    -0.271801     0.795328       0.2217      0.27301    0.0682525           68
0.382597    0.0803375     0.586021    -0.938665     0.108199      0.78376     0.771651     0.078585       0.4828       0.1207           72
0.352488     0.560938     0.884031     0.433047     0.340626     0.889499     0.727711    -0.870647     0.885308     0.221327           78
-0.471484   -0.0258351     0.423865     0.674838   -0.0336053    -0.128229    -0.325765    0.0861899   -0.0607589   -0.0151897           63
-0.30898   -0.0772456     0.900154    -0.843243    -0.638776     0.436868     0.875838    -0.758842       1.5919     0.397975           89
-0.461479    -0.450633     -0.15664    -0.772196     0.307181    -0.889451     0.832086    -0.495537     0.511372     0.127843           72
-0.94253    -0.443224     0.101664     0.426984     0.516652     0.610295     0.179763   -0.0573585    -0.763673    -0.190918           52
0.488237     0.208086     0.177489    -0.749288    -0.104764    -0.852868    -0.193693    -0.684334     0.249765    0.0624413           68
0.585116     0.744886     0.957531      0.17954     0.687263     0.935987    -0.617721     0.392604     0.578332     0.144583           73
-0.432203     0.932856    -0.365095     0.888206     0.960319      0.45552    -0.281972     0.417059     0.483263     0.120816           72
0.539862    -0.783564     0.674005     0.383974    -0.513782    -0.816066    0.0378972    -0.903406    0.0407258    0.0101814           65
0.147225    -0.560089     0.980584     0.872364    -0.878473     0.420349    -0.454591     0.401286    -0.460463    -0.115116           57
0.117385    -0.429183     0.842068    -0.768378     0.904274    -0.316771     0.835426    -0.690387      1.47606     0.369016           88
0.193263     0.845025    -0.527501     0.586793    -0.346446  -0.00495886    -0.842283    -0.882468    -0.144666   -0.0361665           62
